1000
2591 2880
1014 1049
805 992
2704 3421
1206 3219
534 2439
1748 1845
2234 3054
917 3051
1703 2142
668 2338
122 1297
119 3117
3341 3548
2955 3537
1895 2857
1372 2767
1073 2943
3148 3515
1995 3083
1855 1936
1201 3617
33 2200
605 2101
248 2753
1305 2592
916 2578
1391 1534
1288 2696
1224 2000
1174 1583
1396 1442
1840 2954
17 2819
2011 2489
1845 2251
296 3369
1480 3045
1151 3071
1082 3325
1399 2386
2266 3466
6 1313
1349 1510
74 2445
1121 3509
1656 2406
64 2112
80 1747
1280 1737
1032 2091
3538 3581
478 1903
2475 2520
1628 3601
2149 3026
1916 2337
343 1151
2843 3074
2661 3020
21 2917
490 2074
1706 3579
535 1675
1785 2966
914 1377
1500 1996
2417 3402
1286 2473
1603 3378
1236 3028
1074 2130
1293 2473
1868 2225
1235 1665
1238 2083
1727 2407
507 2335
2193 3432
1512 2719
1509 2425
510 1597
363 770
745 1413
1140 1648
2347 2884
517 826
307 2961
33 800
1179 2465
2416 2419
1176 2049
1644 2555
2578 3510
2250 2523
1260 2798
744 1297
1769 3219
1107 3181
313 2754
161 670
1987 2338
2138 3446
1648 2938
328 980
2904 3399
1302 2743
924 1889
207 1935
816 3608
1960 3613
758 1217
706 2985
326 2964
1790 2515
686 2068
1556 1950
438 3023
2172 2503
877 3483
130 2500
2744 3231
1431 1656
982 2789
1092 2949
2746 3051
312 413
159 2271
1636 3296
1584 3312
1 3426
1499 2877
871 1557
409 816
545 1692
241 546
973 2973
754 3289
621 2628
1044 1222
140 3569
622 1484
1603 1932
104 2401
1687 3568
845 2062
1688 3561
746 1223
1933 3191
1154 3629
1232 2547
524 1707
163 1021
1151 2460
1005 1935
2372 3005
495 1144
838 2747
941 2427
2649 3496
1060 2628
1817 1842
2122 3064
1557 2562
65 2604
1338 1535
113 2059
1134 3044
3005 3373
1657 2284
359 2157
1011 2655
2651 3001
2579 2903
291 1901
420 2424
462 615
2236 2584
1147 1181
134 490
2364 3176
2476 2623
2016 2736
1111 2458
2522 3394
383 464
2627 3052
2053 3037
1977 2289
981 3419
907 1691
189 2152
2424 2673
203 2237
2726 3571
1489 2284
1613 3404
2261 2489
3372 3629
2 1297
617 2912
19 384
922 3040
1366 2071
553 3210
2287 2402
1459 2475
904 1634
1248 3140
1836 2320
826 3368
953 3121
2439 3214
1959 3569
437 757
1053 1072
19 1456
1071 3058
643 2377
1926 3089
562 1196
156 1840
245 3036
1785 1789
887 1127
455 1756
1952 2559
1226 1892
686 2122
60 2962
384 2595
1113 2613
1839 2183
1717 3172
1447 2826
1155 1523
497 3160
47 1678
1893 3467
1832 2779
943 3438
396 2036
2346 3261
1970 3440
1449 2751
393 2029
3134 3141
507 1322
1180 2826
541 3153
129 2847
1025 3288
204 3343
2738 3335
20 2668
2114 3018
1404 2455
1150 2510
2166 3451
3119 3614
2551 2650
1508 2035
3166 3292
858 2467
696 1398
824 3121
495 595
1439 1613
699 1297
526 1870
1466 3544
270 334
345 1297
1420 3462
145 2040
197 928
2191 3587
1833 2231
605 3089
649 1300
120 1988
84 3275
1237 1766
1523 3616
36 3200
1501 1836
595 3321
2923 3043
692 1167
357 2463
233 1284
2424 2659
2372 2392
606 2976
2406 2982
1319 1777
27 2553
1403 1793
427 1292
1327 1758
1095 1128
329 1723
1917 3251
585 1115
1444 2623
2829 3047
1408 3208
130 2754
861 1949
607 1280
2384 3266
2598 3293
1286 1502
1435 2577
694 3080
558 1405
2886 2941
1207 3432
2048 3638
1792 2584
1021 2340
1762 2428
865 1897
1347 2557
2877 3164
2492 2626
2726 3049
684 2134
1070 1729
763 1159
2916 3319
2868 3358
2554 2649
2066 2542
207 1046
2066 2627
49 738
844 3097
902 2754
794 1980
1567 3419
965 1973
1609 3646
1725 2801
2678 3563
385 3095
733 3252
2802 3287
1218 3402
1949 3330
2306 2576
126 365
545 2360
800 3223
366 763
2330 2779
1286 2253
2434 3294
211 3596
391 1660
1010 2044
1743 3485
139 2797
2531 2548
2210 2508
1998 2585
2017 2362
2561 2711
2223 2283
862 2986
150 3640
2587 2817
3394 3612
2522 3605
531 3558
345 917
76 179
2659 2872
1469 2691
326 2921
1250 1269
413 768
1132 3123
830 3355
1691 2907
192 558
2832 3008
646 2576
2969 3168
378 2530
48 2874
124 1295
554 1455
497 3175
496 3418
1002 2897
1414 2188
1167 3319
1996 2038
525 1294
37 1868
370 3003
1225 3649
1696 2945
668 2976
1867 3225
869 3351
1407 3142
3476 3639
931 1473
908 1932
1871 3095
848 3037
265 2885
790 1383
1681 2571
159 1033
2536 2940
1031 3387
581 2850
155 2712
1067 2413
558 2176
169 3153
1698 2251
975 2605
532 2845
2531 3201
3384 3466
1116 1766
1757 3446
1188 1915
477 1980
513 1952
1365 2532
427 3362
189 778
341 3516
509 2488
520 535
261 1494
1944 3140
192 1840
825 1573
7 92
190 2915
1039 1377
2332 3018
633 3006
720 3530
667 744
2007 2298
2638 2673
1510 3024
648 3543
908 2045
1534 2538
1879 2852
1178 1725
2884 3452
1143 1269
2307 3300
22 3133
2826 3027
1268 2706
1248 1934
951 1048
1442 3623
1187 1967
1483 1835
1859 3527
244 1898
597 2562
126 1788
1079 1774
544 2173
2222 2975
2243 2850
2026 2457
74 2771
1520 2233
3159 3183
2102 2567
104 657
418 2139
3090 3428
835 3167
1675 3230
1432 1801
707 1368
381 1042
1251 2602
366 1602
325 2346
1129 2618
1550 3361
488 1059
395 556
662 2204
1080 1811
692 1250
1361 2009
34 3237
940 1018
2986 3459
2876 3366
851 1628
2368 3470
2165 3230
708 2692
592 1133
1571 2772
2802 3117
829 965
1670 2640
2044 3514
1391 1555
977 1224
1588 2163
2075 3146
1972 2372
324 1790
349 1609
1080 2691
1276 2885
2940 3560
860 3476
129 183
1011 1478
1093 3148
639 3650
1391 3011
1736 2193
1282 2367
248 3015
3356 3371
1495 1736
1196 3236
237 606
1818 3033
623 1107
448 2942
3118 3124
945 1728
484 2820
442 1636
954 960
528 3152
396 2689
439 783
488 3410
1311 2647
2507 3135
1242 3385
245 1552
624 867
160 1067
2466 3277
543 1692
1723 3327
864 3317
1312 1824
620 1839
811 1325
2235 3260
1249 1994
61 1249
1885 2143
69 1877
313 3126
930 1251
1089 2331
1146 3469
1510 1867
2840 3589
54 1187
2498 3255
225 1877
703 1839
1575 2187
937 1464
1070 2713
997 3212
947 1066
1438 1575
2367 2530
327 1211
146 957
2823 3508
1655 2698
343 2762
253 3518
343 3281
1244 2181
1485 3430
1257 2949
716 2326
2011 2865
459 3040
280 827
2809 3185
696 1014
1521 2804
1159 1379
315 1977
426 2240
658 678
1000 2107
853 1460
682 2944
632 1938
2242 2500
1754 1765
1154 1714
3145 3365
401 3133
1330 2303
174 1414
74 483
1552 3611
1541 3129
3350 3352
1308 2961
699 2767
163 2532
1946 3212
1804 1971
795 1237
10 1059
773 2391
3025 3154
1174 1807
89 1856
2338 3132
163 2185
2855 3451
1663 3152
472 2554
754 2462
126 740
301 3285
2072 2757
368 2104
343 3163
235 378
1437 3531
112 761
2616 2839
201 2320
1515 2456
2006 2256
719 1170
2909 3272
1641 2873
375 2380
500 1161
183 2571
1419 3438
2913 2939
452 818
1889 3148
698 1410
1039 2000
376 3352
2831 3358
1216 2866
1934 2588
385 2998
2707 3178
583 3372
222 3059
2895 3241
294 663
3029 3232
3480 3576
575 1551
2249 2870
1220 1984
2359 3287
496 921
2691 3289
863 2780
1248 2724
2128 2933
775 3001
183 3515
2760 3222
926 3516
304 924
599 849
1285 2150
505 1423
909 1900
2688 2876
1298 3267
685 3460
936 1548
1162 2589
2218 2795
444 1071
1460 1569
2292 2405
569 3330
2645 3309
1135 1410
2420 3493
2418 3559
426 2960
828 3301
444 1997
2100 2681
1405 3036
344 1730
1699 2026
63 2142
2783 3096
1851 3601
1672 2577
2235 2682
167 1818
1660 3644
88 1054
513 1579
363 2406
1315 3511
352 3414
44 1756
301 1773
1999 3251
149 816
1642 3244
2745 3598
2524 2596
1918 2780
85 2261
2254 2946
535 2896
825 3308
1047 1172
732 2361
1033 2235
1076 2124
1493 2425
2245 2848
1925 2996
3060 3567
92 510
163 189
535 2080
297 2968
2164 3415
1409 2551
299 3360
2497 3385
1619 2033
1207 3065
203 833
490 2847
759 840
185 1442
1337 2003
101 2580
14 263
1701 2769
3238 3494
1997 2007
505 2049
803 918
652 1758
141 3300
2008 3422
707 3625
342 2349
323 1100
1764 3188
874 1285
1269 2537
956 1282
302 1226
145 2982
813 1329
1317 3304
571 3377
2637 3272
423 2374
279 2146
985 3582
274 2120
3333 3594
372 2525
1311 1708
2398 2976
198 3353
1651 1759
928 1091
2892 2947
2600 3571
559 3297
1332 3170
1894 3435
63 1754
389 1685
10 2200
1882 3110
1985 3603
2812 3406
2153 3295
994 3289
1398 1855
146 284
2488 3093
3175 3560
1235 2042
2714 3206
493 2566
1821 2109
555 3649
1008 2754
467 1160
2138 2264
1893 2451
1426 3248
395 2216
591 3401
737 3613
34 3602
1331 3208
874 3511
569 793
860 3587
1061 3197
2681 2767
38 3195
704 1871
504 1510
457 2968
904 1895
54 1298
460 1796
1575 2200
2532 3385
1364 1526
2539 2942
1236 2238
3107 3326
1669 2096
2278 2873
785 2417
2655 3467
320 623
1666 3590
1928 2569
1981 2986
947 1368
127 1069
160 2521
397 803
95 1524
111 437
2482 3543
2079 3436
160 1561
706 2345
522 2577
2502 3199
1669 1994
271 640
1127 1740
3107 3404
1032 2073
526 944
1191 1328
216 2492
2574 2928
1406 1478
322 1264
986 3034
2575 2844
1501 2880
2883 3365
2201 2860
342 902
633 2641
386 2620
1043 3249
1276 1417
109 3138
1979 2604
325 2679
1802 2408
231 1586
567 2572
766 3142
1765 3645
2144 2631
695 2878
1281 1841
2188 3625
1158 1423
1021 1512
2928 3352
2297 2839
538 2402
862 2319
1076 1430
166 518
1884 2458
3089 3223
1375 2355
719 1021
1098 1335
677 2867
1404 2378
651 1302
63 2162
3414 3475
2591 3273
2602 3129
1270 2024
955 1492
2809 3497
1472 3456
1043 2062
3028 3569
97 766
939 2101
155 1194
1074 2777
930 2711
2375 2773
2199 3091
39 3184
2640 2973
164 1346
1412 1655
2410 3453
1966 2426
2216 3008
838 2745
428 2755
343 1367
2357 2689
2636 2673
112 1733
3565 3638
507 856
2046 3339
40 2661
203 1035
1509 3598
2463 3010
2477 3510
1238 3227
1834 3227
2321 3413
166 2332
1038 1129
152 2854
23 467
1089 3036
454 1393
1294 1596
2787 3438
305 1975
492 2965
1922 3501
1777 2933
2327 3014
1662 2509
93 2332
1424 2424
55 2497
963 1700
986 1358
1895 2166
121 3226
1171 3288
1415 3075
1460 2871
1951 2551
1975 3337
1463 2953
1257 1629
116 1978
792 2070
2447 3367
1995 2445
923 2958
494 3432
161 1445
1020 1677
281 1314
2847 3343
1152 1890
791 2067
2905 3102
2404 2765
371 717
197 1534
1638 3477
300 2000
